30
5
1 4 3 2 3
9
1 4 2 3 3 3 2 1 6
41
1 6 5 3 2 5 5 6 5 6 6 1 6 4 4 2 2 3 6 5 6 5 5 6 1 1 5 1 2 4 5 4 3 3 4 4 2 5 2 4 1 
68
4 1 4 3 1 4 5 1 3 4 1 1 6 3 3 3 6 5 2 3 6 5 5 6 1 2 4 4 3 3 3 5 1 2 4 1 4 6 4 3 4 3 5 6 3 4 5 3 5 2 3 2 4 5 5 2 5 1 6 4 4 5 2 4 1 2 6 6
52
1 2 1 3 1 6 3 4 1 2 5 2 5 2 1 3 3 5 3 3 5 6 4 6 2 3 1 3 2 6 2 1 1 2 4 4 1 1 1 2 4 4 6 1 5 5 2 4 4 1 5 1
27
5 4 4 1 6 6 6 2 2 1 1 6 6 6 6 1 4 6 3 2 5 3 3 6 3 5 5
3
4 3 3
98
2 4 4 4 2 4 1 4 5 6 3 5 5 4 3 4 2 3 1 3 6 3 2 2 6 1 4 3 4 1 1 4 1 2 3 4 3 3 4 2 3 3 2 1 4 1 4 2 5 3 1 6 4 6 4 5 3 4 5 4 2 6 5 6 4 1 6 3 4 1 4 5 4 5 6 6 2 6 4 4 4 6 5 2 2 2 5 4 5 4 6 1 2 5 2 5 1 1
56
6 3 5 5 6 3 5 5 3 1 1 4 1 5 4 2 5 6 6 5 4 1 1 5 4 6 3 6 3 6 3 4 4 1 4 2 5 6 3 4 3 1 6 1 6 1 3 2 4 4 3 6 5 5 6 6
3
6 5 6
25
4 1 2 2 3 2 4 2 6 6 4 1 4 5 6 3 5 5 6 2 1 5 4 4 1
58
3 4 3 2 4 2 4 3 2 3 6 1 1 1 4 5 1 1 3 1 3 6 6 4 1 2 5 1 1 6 2 3 4 5 6 3 3 3 4 3 4 5 3 6 6 4 6 2 5 4 5 5 4 2 3 2 1 1
77
3 4 6 6 2 2 5 1 5 5 2 5 1 1 2 3 4 4 2 3 6 2 4 4 2 5 1 3 6 3 2 2 4 5 6 3 2 1 1 6 1 5 4 4 2 5 6 2 3 5 1 1 1 6 2 4 1 3 1 5 1 4 3 1 6 2 1 3 1 3 5 6 1 6 4 5 5
76
1 4 6 5 6 2 3 5 3 3 3 5 2 2 5 2 3 2 3 3 1 1 2 1 2 3 6 6 1 2 6 6 4 5 1 3 1 2 6 2 6 3 1 1 6 3 4 5 2 4 1 6 1 5 6 2 5 1 6 3 2 3 1 1 5 2 3 3 6 3 2 5 1 1 5 5
3
4 4 1
63
1 2 5 5 6 3 4 3 5 3 6 1 5 5 6 2 5 5 4 5 3 2 1 6 5 4 2 5 2 6 2 5 2 4 5 3 3 4 1 6 6 6 3 6 4 2 3 6 1 5 1 4 2 3 2 2 3 2 5 6 2 6 4
58
1 6 4 4 5 3 6 5 3 5 2 3 4 2 3 5 1 6 1 2 3 1 1 1 4 6 5 2 4 6 2 2 4 4 4 3 5 4 6 1 6 4 6 6 3 6 1 2 3 2 3 3 4 1 4 2 5 2
11
3 6 5 6 4 1 3 5 1 3 1
54
2 4 4 1 1 4 6 5 4 3 3 3 2 5 5 1 4 3 1 5 1 6 5 6 1 3 1 5 2 1 3 2 3 1 2 2 2 2 1 6 3 3 2 4 5 3 4 6 4 4 3 6 3 1
58
6 4 3 6 3 4 1 5 1 6 4 5 1 1 2 2 3 6 6 2 5 1 4 2 2 3 3 3 5 5 5 1 6 5 5 4 3 2 1 5 1 1 3 2 5 6 1 5 3 3 1 1 6 4 2 2 3 5
26
5 5 6 1 2 3 3 2 1 2 3 3 4 2 1 6 3 3 4 4 1 2 1 3 3 4
36
2 6 6 3 1 5 6 1 4 4 5 1 3 1 6 3 6 5 3 2 2 6 3 3 5 2 2 5 4 3 5 6 3 5 3 3
25
2 1 3 5 4 5 5 2 5 1 1 1 4 5 5 6 1 2 3 5 5 6 3 4 6
58
5 6 6 6 6 4 3 4 1 3 2 4 4 6 3 6 4 6 4 1 6 6 5 4 4 5 2 6 3 4 5 4 1 3 4 4 4 5 4 4 3 6 5 3 6 4 6 2 1 6 5 6 2 2 6 3 1 3
73
1 4 6 5 4 5 5 3 5 3 5 5 2 3 5 4 4 4 6 5 5 4 3 2 2 6 4 4 4 1 1 6 2 5 4 1 6 6 2 1 5 4 3 2 4 3 6 6 6 3 1 5 4 5 4 3 3 6 4 5 5 5 3 4 3 3 2 4 4 3 6 5 4
23
6 2 3 2 6 2 3 4 3 6 3 3 1 6 3 2 6 1 3 2 5 4 6
18
6 1 3 3 2 5 4 2 2 2 4 2 2 4 3 6 6 5
71
1 6 2 5 1 2 3 5 3 4 5 3 2 5 4 4 2 6 5 2 4 2 3 4 6 3 2 1 4 3 3 2 2 3 4 1 5 2 3 2 6 5 2 2 4 6 2 4 3 4 2 6 5 6 2 3 3 5 3 6 1 4 5 3 5 6 3 1 2 3 3
78
1 3 2 1 5 2 2 1 3 1 1 5 4 6 3 6 6 1 1 3 3 5 6 2 1 5 2 4 3 6 3 2 2 3 6 2 3 1 5 2 1 5 3 2 1 1 5 3 6 6 1 2 5 6 6 4 6 5 3 1 1 4 4 1 3 2 3 5 3 1 1 2 5 1 6 1 5 5
24
6 2 2 2 2 2 5 1 6 2 4 5 3 3 6 2 3 3 4 5 2 6 1 4